Time[s] TxPosX[m] TxPosY[m] RxPosX[m] RxPosY[m] ChannelState SNR[dB] Pathloss[dB]
0 250 1 250 0 LOS 77.4187 56.9164
0.01 250 1.16628 250 0.0833333 LOS 21.4895 56.9164
0.02 250 1.33256 250 0.166667 LOS -34.9548 56.9164
0.03 250 1.49885 250 0.25 LOS -93.3119 56.9164
0.04 250 1.66513 250 0.333333 LOS -149.801 56.9164
0.05 250 1.83141 250 0.416667 LOS -206.991 56.9164
0.06 250 1.99769 250 0.5 LOS -262.244 56.9164
0.07 250 2.16397 250 0.583333 LOS -322.016 56.9164
0.08 250 2.33025 250 0.666667 LOS -377.57 56.9164
0.09 250 2.49654 250 0.75 LOS -435.781 56.9164
0.1 250 2.66282 250 0.833333 LOS -489.98 56.9164
0.11 250 2.8291 250 0.916667 LOS -548.958 56.9164
0.12 250 2.99538 250 1 LOS -605.039 56.9164
0.13 250 3.16166 250 1.08333 LOS -663.776 56.9164
0.14 250 3.32794 250 1.16667 LOS -717.996 56.9164
0.15 250 3.49423 250 1.25 LOS -777.071 56.9164
0.16 250 3.66051 250 1.33333 LOS -832.829 56.9164
0.17 250 3.82679 250 1.41667 LOS -892.617 56.9164
0.18 250 3.99307 250 1.5 LOS -945.843 56.9164
0.19 250 4.15935 250 1.58333 LOS -1020.3 73.1284
0.2 250 4.32564 250 1.66667 LOS -1092.82 73.1284
0.21 250 4.49192 250 1.75 LOS -1167.94 73.1284
0.22 250 4.6582 250 1.83333 LOS -1239.29 73.1284
0.23 250 4.82448 250 1.91667 LOS -1312.71 73.1284
0.24 250 4.99076 250 2 LOS -1385.81 73.1284
0.25 250 5.15704 250 2.08333 LOS -1460.71 73.1284
0.26 250 5.32333 250 2.16667 LOS -1532.14 73.1284
0.27 250 5.48961 250 2.25 LOS -1605.01 73.1284
0.28 250 5.65589 250 2.33333 LOS -1677.88 73.1284
0.29 250 5.82217 250 2.41667 LOS -1751.72 73.1284
0.3 250 5.98845 250 2.5 LOS -1825.7 73.1284
0.31 250 6.15473 250 2.58333 LOS -1897.13 73.1284
0.32 250 6.32102 250 2.66667 LOS -1971.19 73.1284
0.33 250 6.4873 250 2.75 LOS -2043.86 73.1284
0.34 250 6.65358 250 2.83333 LOS -2118.79 73.1284
0.35 250 6.81986 250 2.91667 LOS -2189.58 73.1284
0.36 250 6.98614 250 3 LOS -2247.76 57.8891
0.37 250 7.15242 250 3.08333 LOS -2304.98 57.8891
0.38 250 7.31871 250 3.16667 LOS -2381.12 73.4268
0.39 250 7.48499 250 3.25 LOS -2452 73.4268
0.4 250 7.65127 250 3.33333 LOS -2526.84 73.4268
0.41 250 7.81755 250 3.41667 LOS -2598.25 73.4268
0.42 250 7.98383 250 3.5 LOS -2675.07 73.4268
0.43 250 8.15012 250 3.58333 LOS -2745.65 73.4268
0.44 250 8.3164 250 3.66667 LOS -2819.94 73.4268
0.45 250 8.48268 250 3.75 LOS -2891.59 73.4268
0.46 250 8.64896 250 3.83333 LOS -2967.33 73.4268
0.47 250 8.81524 250 3.91667 LOS -inf 73.4268
0.48 250 8.98152 250 4 LOS -inf 73.4268
0.49 250 9.14781 250 4.08333 LOS -inf 73.4268
0.5 250 9.31409 250 4.16667 LOS -inf 73.4268
0.51 250 9.48037 250 4.25 LOS -inf 73.4268
0.52 250 9.64665 250 4.33333 LOS -inf 73.4268
0.53 250 9.81293 250 4.41667 LOS -inf 73.4268
0.54 250 9.97921 250 4.5 LOS -inf 73.4268
0.55 250 10.1455 250 4.58333 LOS -inf 73.4268
0.56 250 10.3118 250 4.66667 LOS -inf 73.4268
0.57 250 10.4781 250 4.75 LOS -inf 78.1753
0.58 250 10.6443 250 4.83333 LOS -inf 78.1753
0.59 250 10.8106 250 4.91667 LOS -inf 78.1753
0.6 250 10.9769 250 5 LOS -inf 78.1753
0.61 250 11.1432 250 5.08333 LOS -inf 78.1753
0.62 250 11.3095 250 5.16667 LOS -inf 78.1753
0.63 250 11.4758 250 5.25 LOS -inf 78.1753
0.64 250 11.642 250 5.33333 LOS -inf 78.1753
0.65 250 11.8083 250 5.41667 LOS -inf 78.1753
0.66 250 11.9746 250 5.5 LOS -inf 78.1753
0.67 250 12.1409 250 5.58333 LOS -inf 78.1753
0.68 250 12.3072 250 5.66667 LOS -inf 78.1753
0.69 250 12.4734 250 5.75 LOS -inf 78.1753
0.7 250 12.6397 250 5.83333 LOS -inf 78.1753
0.71 250 12.806 250 5.91667 LOS -inf 78.1753
0.72 250 12.9723 250 6 LOS -inf 73.77
0.73 250 13.1386 250 6.08333 LOS -inf 73.77
0.74 250 13.3048 250 6.16667 LOS -inf 73.77
0.75 250 13.4711 250 6.25 LOS -inf 73.77
0.76 250 13.6374 250 6.33333 LOS -inf 78.4076
0.77 250 13.8037 250 6.41667 LOS -inf 78.4076
0.78 250 13.97 250 6.5 LOS -inf 78.4076
0.79 250 14.1363 250 6.58333 LOS -inf 78.4076
0.8 250 14.3025 250 6.66667 LOS -inf 78.4076
0.81 250 14.4688 250 6.75 LOS -inf 78.4076
0.82 250 14.6351 250 6.83333 LOS -inf 78.4076
0.83 250 14.8014 250 6.91667 LOS -inf 78.4076
0.84 250 14.9677 250 7 LOS -inf 78.4076
0.85 250 15.1339 250 7.08333 LOS -inf 78.4076
0.86 250 15.3002 250 7.16667 LOS -inf 78.4076
0.87 250 15.4665 250 7.25 LOS -inf 78.4076
0.88 250 15.6328 250 7.33333 LOS -inf 78.4076
0.89 250 15.7991 250 7.41667 LOS -inf 78.4076
0.9 250 15.9654 250 7.5 LOS -inf 78.4076
0.91 250 16.1316 250 7.58333 LOS -inf 78.4076
0.92 250 16.2979 250 7.66667 LOS -inf 78.4076
0.93 250 16.4642 250 7.75 LOS -inf 78.4076
0.94 250 16.6305 250 7.83333 LOS -inf 78.4076
0.95 250 16.7968 250 7.91667 LOS -inf 81.4149
0.96 250 16.963 250 8 LOS -inf 81.4149
0.97 250 17.1293 250 8.08333 LOS -inf 81.4149
0.98 250 17.2956 250 8.16667 LOS -inf 81.4149
0.99 250 17.4619 250 8.25 LOS -inf 81.4149
1 250 17.6282 250 8.33333 LOS -inf 81.4149
1.01 250 17.7945 250 8.41667 LOS -inf 81.4149
1.02 250 17.9607 250 8.5 LOS -inf 81.4149
1.03 250 18.127 250 8.58333 LOS -inf 81.4149
1.04 250 18.2933 250 8.66667 LOS -inf 81.4149
1.05 250 18.4596 250 8.75 LOS -inf 81.4149
1.06 250 18.6259 250 8.83333 LOS -inf 81.4149
1.07 250 18.7921 250 8.91667 LOS -inf 81.4149
1.08 250 18.9584 250 9 LOS -inf 78.6301
1.09 250 19.1247 250 9.08333 LOS -inf 78.6301
1.1 250 19.291 250 9.16667 LOS -inf 78.6301
1.11 250 19.4573 250 9.25 LOS -inf 78.6301
1.12 250 19.6236 250 9.33333 LOS -inf 78.6301
1.13 250 19.7898 250 9.41667 LOS -inf 78.6301
1.14 250 19.9561 250 9.5 LOS -inf 81.5428
1.15 250 20.1224 250 9.58333 LOS -inf 81.5428
1.16 250 20.2887 250 9.66667 LOS -inf 81.5428
1.17 250 20.455 250 9.75 LOS -inf 81.5428
1.18 250 20.6212 250 9.83333 LOS -inf 81.5428
1.19 250 20.7875 250 9.91667 LOS -inf 81.5428
1.2 250 20.9538 250 10 LOS -inf 81.5428
1.21 250 21.1201 250 10.0833 LOS -inf 81.5428
1.22 250 21.2864 250 10.1667 LOS -inf 81.5428
1.23 250 21.4527 250 10.25 LOS -inf 81.5428
1.24 250 21.6189 250 10.3333 LOS -inf 81.5428
1.25 250 21.7852 250 10.4167 LOS -inf 81.5428
1.26 250 21.9515 250 10.5 LOS -inf 81.5428
1.27 250 22.1178 250 10.5833 LOS -inf 81.5428
1.28 250 22.2841 250 10.6667 LOS -inf 81.5428
1.29 250 22.4503 250 10.75 LOS -inf 81.5428
1.3 250 22.6166 250 10.8333 LOS -inf 81.5428
1.31 250 22.7829 250 10.9167 LOS -inf 81.5428
1.32 250 22.9492 250 11 LOS -inf 81.5428
1.33 250 23.1155 250 11.0833 LOS -inf 83.7431
1.34 250 23.2818 250 11.1667 LOS -inf 83.7431
1.35 250 23.448 250 11.25 LOS -inf 83.7431
1.36 250 23.6143 250 11.3333 LOS -inf 83.7431
1.37 250 23.7806 250 11.4167 LOS -inf 83.7431
1.38 250 23.9469 250 11.5 LOS -inf 83.7431
1.39 250 24.1132 250 11.5833 LOS -inf 83.7431
1.4 250 24.2794 250 11.6667 LOS -inf 83.7431
1.41 250 24.4457 250 11.75 LOS -inf 83.7431
1.42 250 24.612 250 11.8333 LOS -inf 83.7431
1.43 250 24.7783 250 11.9167 LOS -inf 83.7431
1.44 250 24.9446 250 12 LOS -inf 81.6674
1.45 250 25.1109 250 12.0833 LOS -inf 81.6674
1.46 250 25.2771 250 12.1667 LOS -inf 81.6674
1.47 250 25.4434 250 12.25 LOS -inf 81.6674
1.48 250 25.6097 250 12.3333 LOS -inf 81.6674
1.49 250 25.776 250 12.4167 LOS -inf 81.6674
1.5 250 25.9423 250 12.5 LOS -inf 81.6674
1.51 250 26.1085 250 12.5833 LOS -inf 81.6674
1.52 250 26.2748 250 12.6667 LOS -inf 83.841
1.53 250 26.4411 250 12.75 LOS -inf 83.841
1.54 250 26.6074 250 12.8333 LOS -inf 83.841
1.55 250 26.7737 250 12.9167 LOS -inf 83.841
1.56 250 26.94 250 13 LOS -inf 83.841
1.57 250 27.1062 250 13.0833 LOS -inf 83.841
1.58 250 27.2725 250 13.1667 LOS -inf 83.841
1.59 250 27.4388 250 13.25 LOS -inf 83.841
1.6 250 27.6051 250 13.3333 LOS -inf 83.841
1.61 250 27.7714 250 13.4167 LOS -inf 83.841
1.62 250 27.9376 250 13.5 LOS -inf 83.841
1.63 250 28.1039 250 13.5833 LOS -inf 83.841
1.64 250 28.2702 250 13.6667 LOS -inf 83.841
1.65 250 28.4365 250 13.75 LOS -inf 83.841
1.66 250 28.6028 250 13.8333 LOS -inf 83.841
1.67 250 28.7691 250 13.9167 LOS -inf 83.841
1.68 250 28.9353 250 14 LOS -inf 83.841
1.69 250 29.1016 250 14.0833 LOS -inf 83.841
1.7 250 29.2679 250 14.1667 LOS -inf 83.841
1.71 250 29.4342 250 14.25 LOS -inf 85.5797
1.72 250 29.6005 250 14.3333 LOS -inf 85.5797
1.73 250 29.7667 250 14.4167 LOS -inf 85.5797
1.74 250 29.933 250 14.5 LOS -inf 85.5797
1.75 250 30.0993 250 14.5833 LOS -inf 85.5797
1.76 250 30.2656 250 14.6667 NLOSv -inf 85.5797
1.77 250 30.4319 250 14.75 NLOSv -inf 85.5797
1.78 250 30.5982 250 14.8333 NLOSv -inf 85.5797
1.79 250 30.7644 250 14.9167 NLOSv -inf 85.5797
1.8 250 30.9307 250 15 NLOSv -inf 83.9372
1.81 250 31.097 250 15.0833 NLOSv -inf 83.9372
1.82 250 31.2633 250 15.1667 NLOSv -inf 83.9372
1.83 250 31.4296 250 15.25 NLOSv -inf 83.9372
1.84 250 31.5958 250 15.3333 NLOSv -inf 83.9372
1.85 250 31.7621 250 15.4167 NLOSv -inf 83.9372
1.86 250 31.9284 250 15.5 NLOSv -inf 83.9372
1.87 250 32.0947 250 15.5833 LOS -inf 83.9372
1.88 250 32.261 250 15.6667 LOS -inf 83.9372
1.89 250 32.4273 250 15.75 LOS -inf 83.9372
1.9 250 32.5935 250 15.8333 LOS -inf 85.6569
1.91 250 32.7598 250 15.9167 LOS -inf 85.6569
1.92 250 32.9261 250 16 LOS -inf 85.6569
1.93 250 33.0924 250 16.0833 LOS -inf 85.6569
1.94 250 33.2587 250 16.1667 LOS -inf 85.6569
1.95 250 33.4249 250 16.25 LOS -inf 85.6569
1.96 250 33.5912 250 16.3333 LOS -inf 85.6569
1.97 250 33.7575 250 16.4167 LOS -inf 85.6569
1.98 250 33.9238 250 16.5 LOS -inf 85.6569
1.99 250 34.0901 250 16.5833 LOS -inf 85.6569
2 250 34.2564 250 16.6667 LOS -inf 85.6569
2.01 250 34.4226 250 16.75 LOS -inf 85.6569
2.02 250 34.5889 250 16.8333 LOS -inf 85.6569
2.03 250 34.7552 250 16.9167 LOS -inf 85.6569
2.04 250 34.9215 250 17 LOS -inf 85.6569
2.05 250 35.0878 250 17.0833 LOS -inf 85.6569
2.06 250 35.254 250 17.1667 LOS -inf 85.6569
2.07 250 35.4203 250 17.25 LOS -inf 85.6569
2.08 250 35.5866 250 17.3333 LOS -inf 85.6569
2.09 250 35.7529 250 17.4167 LOS -inf 87.0907
2.1 250 35.9192 250 17.5 LOS -inf 87.0907
2.11 250 36.0855 250 17.5833 LOS -inf 87.0907
2.12 250 36.2517 250 17.6667 LOS -inf 87.0907
2.13 250 36.418 250 17.75 LOS -inf 87.0907
2.14 250 36.5843 250 17.8333 LOS -inf 87.0907
2.15 250 36.7506 250 17.9167 LOS -inf 87.0907
2.16 250 36.9169 250 18 LOS -inf 85.7356
2.17 250 37.0831 250 18.0833 LOS -inf 85.7356
2.18 250 37.2494 250 18.1667 LOS -inf 85.7356
2.19 250 37.4157 250 18.25 LOS -inf 85.7356
2.2 250 37.582 250 18.3333 LOS -inf 85.7356
2.21 250 37.7483 250 18.4167 LOS -inf 85.7356
2.22 250 37.9145 250 18.5 LOS -inf 85.7356
2.23 250 38.0808 250 18.5833 LOS -inf 85.7356
2.24 250 38.2471 250 18.6667 LOS -inf 85.7356
2.25 250 38.4134 250 18.75 LOS -inf 85.7356
2.26 250 38.5797 250 18.8333 LOS -inf 85.7356
2.27 250 38.746 250 18.9167 LOS -inf 85.7356
2.28 250 38.9122 250 19 LOS -inf 87.1579
2.29 250 39.0785 250 19.0833 LOS -inf 87.1579
2.3 250 39.2448 250 19.1667 LOS -inf 87.1579
2.31 250 39.4111 250 19.25 LOS -inf 87.1579
2.32 250 39.5774 250 19.3333 LOS -inf 87.1579
2.33 250 39.7436 250 19.4167 LOS -inf 87.1579
2.34 250 39.9099 250 19.5 LOS -inf 87.1579
2.35 250 40.0762 250 19.5833 LOS -inf 87.1579
2.36 250 40.2425 250 19.6667 LOS -inf 87.1579
2.37 250 40.4088 250 19.75 LOS -inf 87.1579
2.38 250 40.5751 250 19.8333 LOS -inf 87.1579
2.39 250 40.7413 250 19.9167 LOS -inf 87.1579
2.4 250 40.9076 250 20 LOS -inf 87.1579
2.41 250 41.0739 250 20.0833 LOS -inf 87.1579
2.42 250 41.2402 250 20.1667 LOS -inf 87.1579
2.43 250 41.4065 250 20.25 LOS -inf 87.1579
2.44 250 41.5727 250 20.3333 LOS -inf 87.1579
2.45 250 41.739 250 20.4167 LOS -inf 87.1579
2.46 250 41.9053 250 20.5 LOS -inf 87.1579
2.47 250 42.0716 250 20.5833 LOS -inf 88.3812
2.48 250 42.2379 250 20.6667 LOS -inf 88.3812
2.49 250 42.4042 250 20.75 LOS -inf 88.3812
2.5 250 42.5704 250 20.8333 LOS -inf 88.3812
2.51 250 42.7367 250 20.9167 LOS -inf 88.3812
2.52 250 42.903 250 21 LOS -inf 87.2244
2.53 250 43.0693 250 21.0833 LOS -inf 87.2244
2.54 250 43.2356 250 21.1667 LOS -inf 87.2244
2.55 250 43.4018 250 21.25 LOS -inf 87.2244
2.56 250 43.5681 250 21.3333 LOS -inf 87.2244
2.57 250 43.7344 250 21.4167 LOS -inf 87.2244
2.58 250 43.9007 250 21.5 LOS -inf 87.2244
2.59 250 44.067 250 21.5833 LOS -inf 87.2244
2.6 250 44.2333 250 21.6667 LOS -inf 87.2244
2.61 250 44.3995 250 21.75 LOS -inf 87.2244
2.62 250 44.5658 250 21.8333 LOS -inf 87.2244
2.63 250 44.7321 250 21.9167 LOS -inf 87.2244
2.64 250 44.8984 250 22 NLOSv -inf 87.2244
2.65 250 45.0647 250 22.0833 NLOSv -inf 87.2244
2.66 250 45.2309 250 22.1667 NLOSv -inf 88.4383
2.67 250 45.3972 250 22.25 NLOSv -inf 88.4383
2.68 250 45.5635 250 22.3333 NLOSv -inf 88.4383
2.69 250 45.7298 250 22.4167 NLOSv -inf 88.4383
2.7 250 45.8961 250 22.5 NLOSv -inf 88.4383
2.71 250 46.0624 250 22.5833 NLOSv -inf 88.4383
2.72 250 46.2286 250 22.6667 NLOSv -inf 88.4383
2.73 250 46.3949 250 22.75 NLOSv -inf 88.4383
2.74 250 46.5612 250 22.8333 NLOSv -inf 88.4383
2.75 250 46.7275 250 22.9167 LOS -inf 88.4383
2.76 250 46.8938 250 23 LOS -inf 88.4383
2.77 250 47.06 250 23.0833 LOS -inf 88.4383
2.78 250 47.2263 250 23.1667 LOS -inf 88.4383
2.79 250 47.3926 250 23.25 LOS -inf 88.4383
2.8 250 47.5589 250 23.3333 LOS -inf 88.4383
2.81 250 47.7252 250 23.4167 LOS -inf 88.4383
2.82 250 47.8915 250 23.5 LOS -inf 88.4383
2.83 250 48.0577 250 23.5833 LOS -inf 88.4383
2.84 250 48.224 250 23.6667 LOS -inf 88.4383
2.85 250 48.3903 250 23.75 LOS -inf 89.5031
2.86 250 48.5566 250 23.8333 LOS -inf 89.5031
2.87 250 48.7229 250 23.9167 LOS -inf 89.5031
2.88 250 48.8891 250 24 LOS -inf 88.4939
2.89 250 49.0554 250 24.0833 LOS -inf 88.4939
2.9 250 49.2217 250 24.1667 LOS -inf 88.4939
2.91 250 49.388 250 24.25 LOS -inf 88.4939
2.92 250 49.5543 250 24.3333 LOS -inf 88.4939
2.93 250 49.7206 250 24.4167 LOS -inf 88.4939
2.94 250 49.8868 250 24.5 LOS -inf 88.4939
2.95 250 50.0531 250 24.5833 LOS -inf 88.4939
2.96 250 50.2194 250 24.6667 LOS -inf 88.4939
2.97 250 50.3857 250 24.75 LOS -inf 88.4939
2.98 250 50.552 250 24.8333 LOS -inf 88.4939
2.99 250 50.7182 250 24.9167 LOS -inf 88.4939
3 250 50.8845 250 25 LOS -inf 88.4939
3.01 250 51.0508 250 25.0833 LOS -inf 88.4939
3.02 250 51.2171 250 25.1667 LOS -inf 88.4939
3.03 250 51.3834 250 25.25 LOS -inf 88.4939
3.04 250 51.5497 250 25.3333 LOS -inf 89.5517
3.05 250 51.7159 250 25.4167 LOS -inf 89.5517
3.06 250 51.8822 250 25.5 LOS -inf 89.5517
3.07 250 52.0485 250 25.5833 LOS -inf 89.5517
3.08 250 52.2148 250 25.6667 NLOSv -inf 89.5517
3.09 250 52.3811 250 25.75 NLOSv -inf 89.5517
3.1 250 52.5473 250 25.8333 NLOSv -inf 89.5517
3.11 250 52.7136 250 25.9167 NLOSv -inf 89.5517
3.12 250 52.8799 250 26 NLOSv -inf 89.5517
3.13 250 53.0462 250 26.0833 NLOSv -inf 89.5517
3.14 250 53.2125 250 26.1667 NLOSv -inf 89.5517
3.15 250 53.3788 250 26.25 NLOSv -inf 89.5517
3.16 250 53.545 250 26.3333 NLOSv -inf 89.5517
3.17 250 53.7113 250 26.4167 NLOSv -inf 89.5517
3.18 250 53.8776 250 26.5 NLOSv -inf 89.5517
3.19 250 54.0439 250 26.5833 LOS -inf 89.5517
3.2 250 54.2102 250 26.6667 LOS -inf 89.5517
3.21 250 54.3764 250 26.75 LOS -inf 89.5517
3.22 250 54.5427 250 26.8333 LOS -inf 89.5517
3.23 250 54.709 250 26.9167 LOS -inf 90.4958
3.24 250 54.8753 250 27 LOS -inf 89.6033
3.25 250 55.0416 250 27.0833 LOS -inf 89.6033
3.26 250 55.2079 250 27.1667 LOS -inf 89.6033
3.27 250 55.3741 250 27.25 LOS -inf 89.6033
3.28 250 55.5404 250 27.3333 LOS -inf 89.6033
3.29 250 55.7067 250 27.4167 LOS -inf 89.6033
3.3 250 55.873 250 27.5 LOS -inf 89.6033
3.31 250 56.0393 250 27.5833 LOS -inf 89.6033
3.32 250 56.2055 250 27.6667 LOS -inf 89.6033
3.33 250 56.3718 250 27.75 LOS -inf 89.6033
3.34 250 56.5381 250 27.8333 LOS -inf 89.6033
3.35 250 56.7044 250 27.9167 LOS -inf 89.6033
3.36 250 56.8707 250 28 LOS -inf 89.6033
3.37 250 57.037 250 28.0833 LOS -inf 89.6033
3.38 250 57.2032 250 28.1667 LOS -inf 89.6033
3.39 250 57.3695 250 28.25 LOS -inf 89.6033
3.4 250 57.5358 250 28.3333 LOS -inf 89.6033
3.41 250 57.7021 250 28.4167 LOS -inf 89.6033
3.42 250 57.8684 250 28.5 LOS -inf 90.5431
3.43 250 58.0346 250 28.5833 LOS -inf 90.5431
3.44 250 58.2009 250 28.6667 LOS -inf 90.5431
3.45 250 58.3672 250 28.75 LOS -inf 90.5431
3.46 250 58.5335 250 28.8333 LOS -inf 90.5431
3.47 250 58.6998 250 28.9167 LOS -inf 90.5431
3.48 250 58.8661 250 29 LOS -inf 90.5431
3.49 250 59.0323 250 29.0833 LOS -inf 90.5431
3.5 250 59.1986 250 29.1667 LOS -inf 90.5431
3.51 250 59.3649 250 29.25 LOS -inf 90.5431
3.52 250 59.5312 250 29.3333 LOS -inf 90.5431
3.53 250 59.6975 250 29.4167 LOS -inf 90.5431
3.54 250 59.8637 250 29.5 LOS -inf 90.5431
3.55 250 60.03 250 29.5833 LOS -inf 90.5431
3.56 250 60.1963 250 29.6667 LOS -inf 90.5431
3.57 250 60.3626 250 29.75 LOS -inf 90.5431
3.58 250 60.5289 250 29.8333 LOS -inf 90.5431
3.59 250 60.6952 250 29.9167 LOS -inf 90.5431
3.6 250 60.8614 250 30 LOS -inf 89.6545
3.61 250 61.0277 250 30.0833 LOS -inf 90.586
3.62 250 61.194 250 30.1667 LOS -inf 90.586
3.63 250 61.3603 250 30.25 LOS -inf 90.586
3.64 250 61.5266 250 30.3333 LOS -inf 90.586
3.65 250 61.6928 250 30.4167 LOS -inf 90.586
3.66 250 61.8591 250 30.5 LOS -inf 90.586
3.67 250 62.0254 250 30.5833 LOS -inf 90.586
3.68 250 62.1917 250 30.6667 LOS -inf 90.586
3.69 250 62.358 250 30.75 LOS -inf 90.586
3.7 250 62.5242 250 30.8333 LOS -inf 90.586
3.71 250 62.6905 250 30.9167 LOS -inf 90.586
3.72 250 62.8568 250 31 LOS -inf 90.586
3.73 250 63.0231 250 31.0833 LOS -inf 90.586
3.74 250 63.1894 250 31.1667 NLOSv -inf 90.586
3.75 250 63.3557 250 31.25 NLOSv -inf 90.586
3.76 250 63.5219 250 31.3333 NLOSv -inf 90.586
3.77 250 63.6882 250 31.4167 NLOSv -inf 90.586
3.78 250 63.8545 250 31.5 NLOSv -inf 90.586
3.79 250 64.0208 250 31.5833 NLOSv -inf 90.586
3.8 250 64.1871 250 31.6667 NLOSv -inf 91.4296
3.81 250 64.3533 250 31.75 NLOSv -inf 91.4296
3.82 250 64.5196 250 31.8333 NLOSv -inf 91.4296
3.83 250 64.6859 250 31.9167 NLOSv -inf 91.4296
3.84 250 64.8522 250 32 NLOSv -inf 91.4296
3.85 250 65.0185 250 32.0833 LOS -inf 91.4296
3.86 250 65.1848 250 32.1667 LOS -inf 91.4296
3.87 250 65.351 250 32.25 LOS -inf 91.4296
3.88 250 65.5173 250 32.3333 LOS -inf 91.4296
3.89 250 65.6836 250 32.4167 LOS -inf 91.4296
3.9 250 65.8499 250 32.5 LOS -inf 91.4296
3.91 250 66.0162 250 32.5833 LOS -inf 91.4296
3.92 250 66.1824 250 32.6667 LOS -inf 91.4296
3.93 250 66.3487 250 32.75 LOS -inf 91.4296
3.94 250 66.515 250 32.8333 LOS -inf 91.4296
3.95 250 66.6813 250 32.9167 LOS -inf 91.4296
3.96 250 66.8476 250 33 LOS -inf 90.6304
3.97 250 67.0139 250 33.0833 LOS -inf 90.6304
3.98 250 67.1801 250 33.1667 LOS -inf 90.6304
3.99 250 67.3464 250 33.25 LOS -inf 91.4696
4 250 67.5127 250 33.3333 LOS -inf 91.4696
4.01 250 67.679 250 33.4167 LOS -inf 91.4696
4.02 250 67.8453 250 33.5 LOS -inf 91.4696
4.03 250 68.0115 250 33.5833 LOS -inf 91.4696
4.04 250 68.1778 250 33.6667 LOS -inf 91.4696
4.05 250 68.3441 250 33.75 LOS -inf 91.4696
4.06 250 68.5104 250 33.8333 LOS -inf 91.4696
4.07 250 68.6767 250 33.9167 NLOSv -inf 91.4696
4.08 250 68.843 250 34 NLOSv -inf 91.4696
4.09 250 69.0092 250 34.0833 NLOSv -inf 91.4696
4.1 250 69.1755 250 34.1667 NLOSv -inf 91.4696
4.11 250 69.3418 250 34.25 NLOSv -inf 91.4696
4.12 250 69.5081 250 34.3333 NLOSv -inf 91.4696
4.13 250 69.6744 250 34.4167 NLOSv -inf 91.4696
4.14 250 69.8406 250 34.5 NLOSv -inf 91.4696
4.15 250 70.0069 250 34.5833 NLOSv -inf 91.4696
4.16 250 70.1732 250 34.6667 NLOSv -inf 91.4696
4.17 250 70.3395 250 34.75 NLOSv -inf 91.4696
4.18 250 70.5058 250 34.8333 LOS -inf 92.2354
4.19 250 70.6721 250 34.9167 LOS -inf 92.2354
4.2 250 70.8383 250 35 LOS -inf 92.2354
4.21 250 71.0046 250 35.0833 LOS -inf 92.2354
4.22 250 71.1709 250 35.1667 LOS -inf 92.2354
4.23 250 71.3372 250 35.25 LOS -inf 92.2354
4.24 250 71.5035 250 35.3333 LOS -inf 92.2354
4.25 250 71.6697 250 35.4167 LOS -inf 92.2354
4.26 250 71.836 250 35.5 LOS -inf 92.2354
4.27 250 72.0023 250 35.5833 LOS -inf 92.2354
4.28 250 72.1686 250 35.6667 LOS -inf 92.2354
4.29 250 72.3349 250 35.75 LOS -inf 92.2354
4.3 250 72.5012 250 35.8333 LOS -inf 92.2354
4.31 250 72.6674 250 35.9167 LOS -inf 92.2354
4.32 250 72.8337 250 36 LOS -inf 91.509
4.33 250 73 250 36.0833 LOS -inf 91.509
4.34 250 73.1663 250 36.1667 LOS -inf 91.509
4.35 250 73.3326 250 36.25 LOS -inf 91.509
4.36 250 73.4988 250 36.3333 LOS -inf 91.509
4.37 250 73.6651 250 36.4167 LOS -inf 92.2713
4.38 250 73.8314 250 36.5 LOS -inf 92.2713
4.39 250 73.9977 250 36.5833 LOS -inf 92.2713
4.4 250 74.164 250 36.6667 LOS -inf 92.2713
4.41 250 74.3303 250 36.75 LOS -inf 92.2713
4.42 250 74.4965 250 36.8333 LOS -inf 92.2713
4.43 250 74.6628 250 36.9167 LOS -inf 92.2713
4.44 250 74.8291 250 37 LOS -inf 92.2713
4.45 250 74.9954 250 37.0833 LOS -inf 92.2713
4.46 250 75.1617 250 37.1667 LOS -inf 92.2713
4.47 250 75.3279 250 37.25 LOS -inf 92.2713
4.48 250 75.4942 250 37.3333 LOS -inf 92.2713
4.49 250 75.6605 250 37.4167 LOS -inf 92.2713
4.5 250 75.8268 250 37.5 LOS -inf 92.2713
4.51 250 75.9931 250 37.5833 LOS -inf 92.2713
4.52 250 76.1594 250 37.6667 LOS -inf 92.2713
4.53 250 76.3256 250 37.75 LOS -inf 92.2713
4.54 250 76.4919 250 37.8333 LOS -inf 92.2713
4.55 250 76.6582 250 37.9167 LOS -inf 92.2713
4.56 250 76.8245 250 38 LOS -inf 92.9686
4.57 250 76.9908 250 38.0833 LOS -inf 92.9686
4.58 250 77.157 250 38.1667 LOS -inf 92.9686
4.59 250 77.3233 250 38.25 LOS -inf 92.9686
4.6 250 77.4896 250 38.3333 LOS -inf 92.9686
4.61 250 77.6559 250 38.4167 LOS -inf 92.9686
4.62 250 77.8222 250 38.5 NLOSv -inf 92.9686
4.63 250 77.9885 250 38.5833 NLOSv -inf 92.9686
4.64 250 78.1547 250 38.6667 NLOSv -inf 92.9686
4.65 250 78.321 250 38.75 NLOSv -inf 92.9686
4.66 250 78.4873 250 38.8333 NLOSv -inf 92.9686
4.67 250 78.6536 250 38.9167 NLOSv -inf 92.9686
4.68 250 78.8199 250 39 NLOSv -inf 92.3053
4.69 250 78.9861 250 39.0833 NLOSv -inf 92.3053
4.7 250 79.1524 250 39.1667 NLOSv -inf 92.3053
4.71 250 79.3187 250 39.25 NLOSv -inf 92.3053
4.72 250 79.485 250 39.3333 NLOSv -inf 92.3053
4.73 250 79.6513 250 39.4167 LOS -inf 92.3053
4.74 250 79.8176 250 39.5 LOS -inf 92.3053
4.75 250 79.9838 250 39.5833 LOS -inf 93.0031
4.76 250 80.1501 250 39.6667 LOS -inf 93.0031
4.77 250 80.3164 250 39.75 LOS -inf 93.0031
4.78 250 80.4827 250 39.8333 LOS -inf 93.0031
4.79 250 80.649 250 39.9167 LOS -inf 93.0031
4.8 250 80.8152 250 40 LOS -inf 93.0031
4.81 250 80.9815 250 40.0833 LOS -inf 93.0031
4.82 250 81.1478 250 40.1667 LOS -inf 93.0031
4.83 250 81.3141 250 40.25 LOS -inf 93.0031
4.84 250 81.4804 250 40.3333 LOS -inf 93.0031
4.85 250 81.6467 250 40.4167 LOS -inf 93.0031
4.86 250 81.8129 250 40.5 LOS -inf 93.0031
4.87 250 81.9792 250 40.5833 LOS -inf 93.0031
4.88 250 82.1455 250 40.6667 LOS -inf 93.0031
4.89 250 82.3118 250 40.75 LOS -inf 93.0031
4.9 250 82.4781 250 40.8333 LOS -inf 93.0031
4.91 250 82.6443 250 40.9167 LOS -inf 93.0031
4.92 250 82.8106 250 41 LOS -inf 93.0031
4.93 250 82.9769 250 41.0833 LOS -inf 93.0031
4.94 250 83.1432 250 41.1667 LOS -inf 93.6495
4.95 250 83.3095 250 41.25 LOS -inf 93.6495
4.96 250 83.4758 250 41.3333 LOS -inf 93.6495
4.97 250 83.642 250 41.4167 LOS -inf 93.6495
4.98 250 83.8083 250 41.5 LOS -inf 93.6495
4.99 250 83.9746 250 41.5833 LOS -inf 93.6495
5 250 84.1409 250 41.6667 LOS -inf 93.6495
5.01 250 84.3072 250 41.75 LOS -inf 93.6495
5.02 250 84.4734 250 41.8333 LOS -inf 93.6495
5.03 250 84.6397 250 41.9167 LOS -inf 93.6495
5.04 250 84.806 250 42 LOS -inf 93.0391
5.05 250 84.9723 250 42.0833 LOS -inf 93.0391
5.06 250 85.1386 250 42.1667 NLOSv -inf 93.0391
5.07 250 85.3048 250 42.25 NLOSv -inf 93.0391
5.08 250 85.4711 250 42.3333 NLOSv -inf 93.0391
5.09 250 85.6374 250 42.4167 NLOSv -inf 93.0391
5.1 250 85.8037 250 42.5 NLOSv -inf 93.0391
5.11 250 85.97 250 42.5833 NLOSv -inf 93.0391
5.12 250 86.1363 250 42.6667 NLOSv -inf 93.0391
5.13 250 86.3025 250 42.75 NLOSv -inf 93.6807
5.14 250 86.4688 250 42.8333 NLOSv -inf 93.6807
5.15 250 86.6351 250 42.9167 NLOSv -inf 93.6807
5.16 250 86.8014 250 43 NLOSv -inf 93.6807
5.17 250 86.9677 250 43.0833 LOS -inf 93.6807
5.18 250 87.1339 250 43.1667 LOS -inf 93.6807
5.19 250 87.3002 250 43.25 LOS -inf 93.6807
5.2 250 87.4665 250 43.3333 LOS -inf 93.6807
5.21 250 87.6328 250 43.4167 LOS -inf 93.6807
5.22 250 87.7991 250 43.5 LOS -inf 93.6807
5.23 250 87.9654 250 43.5833 LOS -inf 93.6807
5.24 250 88.1316 250 43.6667 LOS -inf 93.6807
5.25 250 88.2979 250 43.75 LOS -inf 93.6807
5.26 250 88.4642 250 43.8333 LOS -inf 93.6807
5.27 250 88.6305 250 43.9167 LOS -inf 93.6807
5.28 250 88.7968 250 44 NLOSv -inf 93.6807
5.29 250 88.963 250 44.0833 NLOSv -inf 93.6807
5.3 250 89.1293 250 44.1667 NLOSv -inf 93.6807
5.31 250 89.2956 250 44.25 NLOSv -inf 93.6807
5.32 250 89.4619 250 44.3333 NLOSv -inf 94.283
5.33 250 89.6282 250 44.4167 NLOSv -inf 94.283
5.34 250 89.7945 250 44.5 NLOSv -inf 94.283
5.35 250 89.9607 250 44.5833 NLOSv -inf 94.283
5.36 250 90.127 250 44.6667 NLOSv -inf 94.283
5.37 250 90.2933 250 44.75 NLOSv -inf 94.283
5.38 250 90.4596 250 44.8333 NLOSv -inf 94.283
5.39 250 90.6259 250 44.9167 LOS -inf 94.283
5.4 250 90.7921 250 45 LOS -inf 93.7154
5.41 250 90.9584 250 45.0833 LOS -inf 93.7154
5.42 250 91.1247 250 45.1667 LOS -inf 93.7154
5.43 250 91.291 250 45.25 LOS -inf 93.7154
5.44 250 91.4573 250 45.3333 LOS -inf 93.7154
5.45 250 91.6236 250 45.4167 LOS -inf 93.7154
5.46 250 91.7898 250 45.5 LOS -inf 93.7154
5.47 250 91.9561 250 45.5833 LOS -inf 93.7154
5.48 250 92.1224 250 45.6667 LOS -inf 93.7154
5.49 250 92.2887 250 45.75 LOS -inf 93.7154
5.5 250 92.455 250 45.8333 LOS -inf 93.7154
5.51 250 92.6212 250 45.9167 LOS -inf 94.3125
5.52 250 92.7875 250 46 LOS -inf 94.3125
5.53 250 92.9538 250 46.0833 LOS -inf 94.3125
5.54 250 93.1201 250 46.1667 LOS -inf 94.3125
5.55 250 93.2864 250 46.25 LOS -inf 94.3125
5.56 250 93.4527 250 46.3333 LOS -inf 94.3125
5.57 250 93.6189 250 46.4167 LOS -inf 94.3125
5.58 250 93.7852 250 46.5 LOS -inf 94.3125
5.59 250 93.9515 250 46.5833 LOS -inf 94.3125
5.6 250 94.1178 250 46.6667 LOS -inf 94.3125
5.61 250 94.2841 250 46.75 LOS -inf 94.3125
5.62 250 94.4503 250 46.8333 LOS -inf 94.3125
5.63 250 94.6166 250 46.9167 LOS -inf 94.3125
5.64 250 94.7829 250 47 LOS -inf 94.3125
5.65 250 94.9492 250 47.0833 LOS -inf 94.3125
5.66 250 95.1155 250 47.1667 LOS -inf 94.3125
5.67 250 95.2818 250 47.25 LOS -inf 94.3125
5.68 250 95.448 250 47.3333 LOS -inf 94.3125
5.69 250 95.6143 250 47.4167 LOS -inf 94.3125
